75
60
62
76
72
92
73
69
82
70
55
79
68
75
65
90
68
90
90
76
65
86
66
90
77
70
84
72
73
75
77
88
81
75
72
68
84
83
76
79
68
68
68
66
80
82
60
73
73
68
68
73
72
74
75
75
69
65
70
66
85
74
73
93
69
91
79
81
60
75
70
75
76
62
76
78
60
58
75
65
83
73
70
64
77
80
83
83
77
80
80
74
69
80
85
80
69
60
74
83
75
63
68
60
74
63
66
82
63
67
73
60
76
70
80
74
77
68
78
64
84
64
75
76
75
78
70
76
73
70
81
80
72
78
74
72
67
60
54
82
82
83
88
67
73
67
72
55
65
72
58
71
73
71
65
70
85
60
80
71
70
63
75
72
80
54
63
54
62
70
73
70
60
67
79
72
70
80
73
68
64
73
75
66
66
72
71
72
67
75
67
60
78
77
72
65
60
76
77
72
70
77
70
78
76
69
59
64
62
62
72
63
60
77
68
73
70
82
75
63
60
65
