65
58
47
60
54
53
52
48
55
60
76
52
68
53
62
55
65
50
58
58
60
65
65
67
56
62
63
64
60
56
56
54
69
56
63
70
59
63
59
50
60
57
68
58
59
51
50
57
55
50
75
57
64
64
53
58
68
65
63
62
58
57
70
68
57
50
64
57
56
67
57
54
54
63
54
60
58
75
58
64
50
52
65
60
47
55
55
59
63
67
52
57
65
56
59
59
53
58
57
68
68
60
56
64
51
51
65
65
50
64
60
57
56
57
63
56
55
56
65
75
59
62
56
60
62
51
56
57
58
55
53
53
57
62
61
60
71
70
52
65
60
59
56
68
48
51
64
58
50
57
57
55
64
65
60
65
58
61
65
50
64
61
54
52
52
49
50
50
52
65
60
65
73
57
68
47
62
